time	V(Vg,source)
0.000000000000000e+000	1.503228e-005
2.000000000000000e-009	1.503227e-005
2.788986490195001e-009	1.503181e-005
3.577972980390002e-009	1.503144e-005
4.366959470585003e-009	1.503117e-005
5.155945960780004e-009	1.503099e-005
5.944932450975005e-009	1.503089e-005
6.733918941170007e-009	1.503089e-005
7.522905431365005e-009	1.503099e-005
1.286859430188512e-008	1.503153e-005
1.821428317240523e-008	1.503195e-005
2.355997204292534e-008	1.503224e-005
2.890566091344545e-008	1.503241e-005
3.425134978396556e-008	1.503245e-005
3.959703865448567e-008	1.503236e-005
4.494272752500577e-008	1.503214e-005
5.596988372007560e-008	7.473736e+000
5.596988922522090e-008	7.529172e+000
5.597086590693018e-008	1.493641e+001
5.597093153820685e-008	1.493485e+001
5.597095721363415e-008	1.493418e+001
5.597097487297527e-008	1.493382e+001
5.597099573042570e-008	1.493326e+001
5.597103744532657e-008	1.493232e+001
5.597112087512830e-008	1.493027e+001
5.597128773473176e-008	1.492634e+001
5.597162145393868e-008	1.491830e+001
5.597228559291848e-008	1.490246e+001
5.597559256769784e-008	1.482365e+001
5.598336570546933e-008	1.468833e+001
5.599121868196398e-008	1.460424e+001
5.600331700927522e-008	1.450473e+001
5.602283220311863e-008	1.437516e+001
5.605279042725372e-008	1.421175e+001
5.610108589837014e-008	1.399393e+001
5.617541422226058e-008	1.371888e+001
5.629410232031871e-008	1.336123e+001
5.647633968252312e-008	1.291133e+001
5.675617546579339e-008	1.232044e+001
5.713934354707876e-008	1.162018e+001
5.769138899641801e-008	6.594156e+000
5.783814806124182e-008	-5.478108e-001
5.783815217202936e-008	-5.480175e-001
5.783816039360444e-008	-5.480423e-001
5.783817683675459e-008	-5.481000e-001
5.783820972305490e-008	-5.482242e-001
5.783827549565552e-008	-5.484719e-001
5.783840704085675e-008	-5.489664e-001
5.783867013125922e-008	-5.499551e-001
5.783919631206415e-008	-5.519326e-001
5.784024867367402e-008	-5.558827e-001
5.784235339689375e-008	-5.637667e-001
5.787181952197000e-008	-6.718912e-001
5.790549509348572e-008	-7.903092e-001
5.797284623651716e-008	-1.010712e+000
5.810754852258004e-008	-1.386299e+000
5.837695309470578e-008	-1.866645e+000
5.891576223895728e-008	-1.940127e+000
5.942395797946542e-008	-1.589686e+000
6.012258936753294e-008	-1.224325e+000
6.087693614955852e-008	-8.990949e-001
6.189579982029610e-008	-5.523426e-001
6.328942586833883e-008	2.485857e+000
6.428942586833882e-008	1.211120e+001
6.428945638591695e-008	1.188248e+001
6.428951742107319e-008	1.266835e+001
6.428951766652038e-008	1.169639e+001
6.428951815741476e-008	1.202700e+001
6.441451815741476e-008	1.186213e+001
6.453951815741475e-008	1.203312e+001
6.466451815741475e-008	1.197159e+001
6.478951815741475e-008	1.187377e+001
6.503814669711561e-008	1.151764e+001
6.535623018407783e-008	1.116540e+001
6.592437244235894e-008	1.061913e+001
6.651347565406723e-008	1.019430e+001
6.749019740365047e-008	9.917354e+000
6.854350532153942e-008	1.058786e+001
6.944868294724307e-008	1.118358e+001
7.044792633909641e-008	1.054451e+001
7.104352117985957e-008	1.011801e+001
7.172242430245105e-008	1.025803e+001
7.245182357566617e-008	1.037049e+001
7.337030813235708e-008	1.036836e+001
7.450406877549645e-008	1.036057e+001
7.560659401002299e-008	1.018604e+001
7.703456533158204e-008	9.727051e+000
7.875031042892909e-008	9.585289e+000
7.899502459306247e-008	9.592686e+000
7.923973875719586e-008	9.588836e+000
7.948445292132924e-008	9.573739e+000
7.972916708546263e-008	9.547396e+000
7.997388124959601e-008	9.509806e+000
8.021859541372939e-008	9.460970e+000
8.046330957786277e-008	9.400887e+000
8.104419926540748e-008	9.257237e+000
8.162508895295219e-008	9.126680e+000
8.220597864049690e-008	9.009214e+000
8.278686832804162e-008	8.904841e+000
8.336775801558632e-008	8.813559e+000
8.394864770313103e-008	8.735370e+000
8.452953739067574e-008	8.670273e+000
8.786767092618627e-008	8.395493e+000
8.964111823193401e-008	8.324081e+000
9.121369210833109e-008	8.306030e+000
9.284755392541618e-008	8.350082e+000
9.441950712917543e-008	8.449081e+000
9.644016543766523e-008	8.646828e+000
9.962580427196380e-008	9.061478e+000
1.074143966407471e-007	1.021252e+001
1.110595243618807e-007	1.071339e+001
1.153887575725475e-007	1.124461e+001
1.204521062008532e-007	1.177714e+001
1.259121986303567e-007	1.225317e+001
1.316916853949470e-007	1.266326e+001
1.371787879071748e-007	1.297765e+001
1.435017206972509e-007	1.326793e+001
1.505458483196941e-007	1.352400e+001
1.590149667777339e-007	1.376237e+001
1.686836570278415e-007	1.396897e+001
1.792637392208798e-007	1.413873e+001
1.900072592323951e-007	1.426820e+001
2.015167935490833e-007	1.437323e+001
2.136652294761466e-007	1.445808e+001
2.269248917841292e-007	1.452953e+001
2.410812830455428e-007	1.458891e+001
2.565194501052469e-007	1.463985e+001
2.732215076790343e-007	1.468377e+001
2.916363245357725e-007	1.472303e+001
3.119485690569737e-007	1.475884e+001
3.347638165824509e-007	1.479263e+001
3.591232580554775e-007	1.482300e+001
3.811372777751681e-007	1.484637e+001
4.071372777751681e-007	1.486945e+001
4.331372777751681e-007	1.488887e+001
4.591372777751681e-007	1.490496e+001
4.851372777751681e-007	1.491836e+001
5.111372777751681e-007	1.492946e+001
5.371372777751682e-007	1.493867e+001
5.631372777751682e-007	1.494633e+001
5.891372777751683e-007	1.495267e+001
6.151372777751683e-007	1.495794e+001
6.411372777751684e-007	1.496229e+001
6.671372777751684e-007	1.496592e+001
6.931372777751684e-007	1.496890e+001
7.191372777751685e-007	1.497141e+001
7.451372777751685e-007	1.497345e+001
7.711372777751686e-007	1.497517e+001
7.971372777751686e-007	1.497658e+001
8.231372777751687e-007	1.497775e+001
8.491372777751687e-007	1.497872e+001
8.751372777751688e-007	1.497954e+001
9.011372777751688e-007	1.498019e+001
9.271372777751689e-007	1.498076e+001
9.531372777751689e-007	1.498120e+001
9.791372777751689e-007	1.498160e+001
1.005137277775169e-006	1.498190e+001
1.031137277775169e-006	1.498218e+001
1.057137277775169e-006	1.498238e+001
1.083137277775169e-006	1.498257e+001
1.109137277775169e-006	1.498271e+001
1.135137277775169e-006	1.498284e+001
1.161137277775169e-006	1.498293e+001
1.187137277775169e-006	1.498302e+001
1.213137277775169e-006	1.498309e+001
1.239137277775169e-006	1.498315e+001
1.265137277775169e-006	1.498319e+001
1.291137277775169e-006	1.498324e+001
1.317137277775170e-006	1.498327e+001
1.343137277775170e-006	1.498330e+001
1.369137277775170e-006	1.498331e+001
1.394853993453663e-006	1.498334e+001
1.420853993453663e-006	1.498335e+001
1.446078135122106e-006	1.498336e+001
1.471967202781729e-006	1.498338e+001
1.496953306844249e-006	1.498338e+001
1.522638813635159e-006	1.498339e+001
1.547833683297721e-006	1.498339e+001
1.599567161277946e-006	1.498341e+001
1.651567161277946e-006	1.498341e+001
1.729567161277946e-006	1.498341e+001
1.781567161277946e-006	1.498342e+001
1.833567161277946e-006	1.498342e+001
1.885567161277946e-006	1.498343e+001
1.937567161277946e-006	1.498343e+001
1.989567161277946e-006	1.498343e+001
2.041567161277946e-006	1.498343e+001
2.093567161277945e-006	1.498343e+001
2.932995732706519e-006	1.498343e+001
3.772424304135094e-006	1.498343e+001
4.611852875563668e-006	1.498343e+001
5.451281446992242e-006	1.498343e+001
6.290710018420816e-006	1.498343e+001
7.130138589849391e-006	1.498343e+001
7.969567161277964e-006	1.498343e+001
1.000200000000000e-005	1.498343e+001
1.000400000000000e-005	1.498343e+001
1.005594418549005e-005	1.498343e+001
1.005784908254006e-005	1.495950e+001
1.005820234773165e-005	1.496766e+001
1.005834267833714e-005	1.497861e+001
1.005843842435056e-005	1.497755e+001
1.005850541987561e-005	1.496665e+001
1.005855451392808e-005	1.494016e+001
1.005860069344362e-005	1.490832e+001
1.005864848488252e-005	1.487645e+001
1.005871850266980e-005	1.482564e+001
1.005880859619361e-005	1.476133e+001
1.005895196771598e-005	1.465423e+001
1.005923871076073e-005	1.443425e+001
1.005967545313418e-005	1.408719e+001
1.006051446488349e-005	1.342052e+001
1.006143550315926e-005	1.272278e+001
1.006277683007828e-005	1.179242e+001
1.006442012682303e-005	1.077574e+001
1.006631362448693e-005	9.718468e+000
1.006834150390475e-005	8.663330e+000
1.007025311958848e-005	7.840523e+000
1.007217765663075e-005	7.574005e+000
1.007438340265154e-005	7.721260e+000
1.007691880281470e-005	7.638573e+000
1.007988992131467e-005	7.285095e+000
1.008336278584271e-005	6.714195e+000
1.008759276048207e-005	5.912552e+000
1.009152305178819e-005	5.155281e+000
1.009481038662640e-005	4.553986e+000
1.009742548347362e-005	4.113113e+000
1.009948326503526e-005	3.793022e+000
1.010247792683469e-005	3.376129e+000
1.010378137505195e-005	3.217888e+000
1.010514795753003e-005	3.080460e+000
1.010666494120645e-005	2.971115e+000
1.010838035599399e-005	2.896858e+000
1.011035207709280e-005	2.850334e+000
1.011113176218426e-005	2.848930e+000
1.011191144727571e-005	2.843937e+000
1.011269113236717e-005	2.835356e+000
1.011347081745862e-005	2.823186e+000
1.011425050255008e-005	2.807427e+000
1.011503018764153e-005	2.788080e+000
1.011580987273299e-005	2.765144e+000
1.011618157415823e-005	2.729477e+000
1.011660420404408e-005	2.700711e+000
1.011702683392994e-005	2.668945e+000
1.011744946381579e-005	2.634178e+000
1.011787209370165e-005	2.596410e+000
1.011829472358750e-005	2.555642e+000
1.011871735347336e-005	2.511873e+000
1.011913998335921e-005	2.465103e+000
1.012034002880928e-005	2.290436e+000
1.012216364211351e-005	1.867676e+000
1.012456021295328e-005	1.168953e+000
1.012793211256847e-005	9.413223e-001
1.013037888638375e-005	1.238499e+000
1.013272836605661e-005	1.455330e+000
1.013545000039072e-005	1.701773e+000
1.013808433767384e-005	1.818165e+000
1.014094760690973e-005	1.773132e+000
1.014353748652841e-005	1.585830e+000
1.014585658527339e-005	1.419846e+000
1.014799106193084e-005	1.294928e+000
1.015034553572441e-005	1.137278e+000
1.015259565773606e-005	9.619292e-001
1.015505912779083e-005	7.717450e-001
1.015753550539218e-005	5.871021e-001
1.016023279267307e-005	4.113866e-001
1.016298519877633e-005	2.607463e-001
1.016520640325026e-005	1.635546e-001
1.016662501627264e-005	1.158560e-001
1.016821496163953e-005	7.432351e-002
1.016974268324155e-005	4.301907e-002
1.017141914411020e-005	1.698529e-002
1.017281556983014e-005	1.143984e-003
1.017405967418023e-005	-8.903906e-003
1.017419578448777e-005	-9.729929e-003
1.017446800510285e-005	-1.107550e-002
1.017501244633301e-005	-1.337761e-002
1.017610132879333e-005	-1.659838e-002
1.017827909371398e-005	-2.026946e-002
1.018036254447385e-005	-2.109664e-002
1.018279039632884e-005	-1.922452e-002
1.018500652562996e-005	-1.608669e-002
1.018753866182547e-005	-1.180200e-002
1.018992764309960e-005	-7.919526e-003
1.019256249199179e-005	-4.186281e-003
1.019512039896190e-005	-1.264293e-003
1.019748723348645e-005	6.923814e-004
1.019978004485935e-005	1.787813e-003
1.020186402948862e-005	2.245892e-003
1.020395006382061e-005	2.344211e-003
1.020612737912218e-005	2.191783e-003
1.020848520539979e-005	1.865613e-003
1.021095060668939e-005	1.454656e-003
1.021356876338489e-005	1.024765e-003
1.021632077982862e-005	6.368800e-004
1.021831670387676e-005	4.097344e-004
1.021995339932052e-005	2.596298e-004
1.022173786224567e-005	1.328767e-004
1.022368889797935e-005	3.147862e-005
1.022491822921977e-005	-1.408346e-005
1.022636580823051e-005	-5.141714e-005
1.022796054384225e-005	-7.676877e-005
1.022992403044874e-005	-9.100490e-005
1.023189175485390e-005	-9.183260e-005
1.023404586910507e-005	-8.258476e-005
1.023624391620616e-005	-6.732084e-005
1.023861323023734e-005	-4.852921e-005
1.024100975172079e-005	-3.018675e-005
1.024353415497188e-005	-1.350295e-005
1.024608540398153e-005	-3.245368e-007
1.024872699056813e-005	9.478157e-006
1.025029547651989e-005	1.357798e-005
1.025175139546100e-005	1.632905e-005
1.025341009742487e-005	1.843844e-005
1.025534271397189e-005	1.982990e-005
1.025742363137884e-005	2.038120e-005
1.025961130587416e-005	2.023458e-005
1.026191332818048e-005	1.960069e-005
1.026691237983610e-005	1.767774e-005
1.026962719681710e-005	1.672257e-005
1.027262891790679e-005	1.589992e-005
1.027706102029459e-005	1.513941e-005
1.028047331516757e-005	1.486235e-005
1.028410691874287e-005	1.477249e-005
1.028890015195967e-005	1.480734e-005
1.029342987233209e-005	1.489207e-005
1.029941976658640e-005	1.498913e-005
1.030659625623515e-005	1.503757e-005
1.031896146866696e-005	1.504023e-005
1.033233223405971e-005	1.503017e-005
1.034756929236177e-005	1.503187e-005
1.039956929236177e-005	1.503167e-005
1.708156929236162e-005	1.503230e-005
4.370556929236273e-005	1.503229e-005
7.032956929236559e-005	1.503230e-005
9.695356929236846e-005	1.503229e-005
1.000000000000000e-004	1.503229e-005
1.000020000000000e-004	1.503229e-005
1.000020543256137e-004	1.503267e-005
1.000020725153189e-004	1.503769e-005
1.000040725153189e-004	1.503204e-005
1.000062098459278e-004	1.503417e-005
1.000075788438123e-004	1.503096e-005
1.000129301174500e-004	1.503152e-005
1.000182813910877e-004	1.503195e-005
1.000236326647254e-004	1.503224e-005
1.000289839383631e-004	1.503242e-005
1.000343352120009e-004	1.503246e-005
1.000396864856386e-004	1.503238e-005
1.000450377592763e-004	1.503216e-005
1.000560750158217e-004	7.473735e+000
1.000560750213321e-004	7.809905e+000
1.000560751434620e-004	1.495703e+001
1.000560752044971e-004	1.495534e+001
1.000560752616517e-004	1.495397e+001
1.000560753209068e-004	1.495256e+001
1.000560756190303e-004	1.494544e+001
1.000560759171538e-004	1.493832e+001
1.000560762152773e-004	1.493120e+001
1.000560765134009e-004	1.492407e+001
1.000560768115244e-004	1.491693e+001
1.000560771096479e-004	1.490980e+001
1.000560774077714e-004	1.490266e+001
1.000560810069641e-004	1.481757e+001
1.000560844168482e-004	1.474978e+001
1.000560901026375e-004	1.466924e+001
1.000560986522883e-004	1.458352e+001
1.000561128517814e-004	1.447320e+001
1.000561343217895e-004	1.433799e+001
1.000561695129424e-004	1.415554e+001
1.000562228504199e-004	1.392766e+001
1.000563094445658e-004	1.362450e+001
1.000564409248522e-004	1.325125e+001
1.000566522222179e-004	1.275359e+001
1.000569531508669e-004	1.214046e+001
1.000573825456331e-004	1.139462e+001
1.000579712423157e-004	6.401925e+000
1.000579942464863e-004	4.557985e+000
1.000580172506569e-004	2.986552e+000
1.000580402548276e-004	1.687626e+000
1.000580632589982e-004	6.612064e-001
1.000580862631688e-004	-9.270618e-002
1.000581092673395e-004	-5.741120e-001
1.000581322715101e-004	-7.830110e-001
1.000581734594762e-004	-9.308286e-001
1.000582146474423e-004	-1.070332e+000
1.000582558354084e-004	-1.201521e+000
1.000582970233744e-004	-1.324395e+000
1.000583382113405e-004	-1.438956e+000
1.000583793993066e-004	-1.545201e+000
1.000584205872727e-004	-1.643133e+000
1.000587111732381e-004	-2.080148e+000
1.000592274504838e-004	-2.048313e+000
1.000597729146295e-004	-1.648071e+000
1.000604733479236e-004	-1.257199e+000
1.000612368856774e-004	-9.160392e-001
1.000623069376538e-004	-5.307383e-001
1.000638062489434e-004	2.640124e+000
1.000648062489434e-004	1.220991e+001
1.000648062794610e-004	1.198087e+001
1.000648063404961e-004	1.276711e+001
1.000648063407416e-004	1.179454e+001
1.000648063412325e-004	1.212560e+001
1.000649313412325e-004	1.196157e+001
1.000650563412325e-004	1.213297e+001
1.000651813412325e-004	1.207137e+001
1.000653063412325e-004	1.197332e+001
1.000655549582395e-004	1.161644e+001
1.000658730370341e-004	1.126562e+001
1.000664325859959e-004	1.072683e+001
1.000670155275698e-004	1.029977e+001
1.000679766047383e-004	1.002899e+001
1.000689569596143e-004	1.070500e+001
1.000698704118581e-004	1.124836e+001
1.000708596427346e-004	1.057903e+001
1.000714722763581e-004	1.017830e+001
1.000721680780377e-004	1.030995e+001
1.000729108220312e-004	1.041203e+001
1.000738496564580e-004	1.039289e+001
1.000750046235710e-004	1.036111e+001
1.000761357224547e-004	1.015710e+001
1.000776198443279e-004	9.668182e+000
1.000794105346528e-004	9.699371e+000
1.000801152635987e-004	9.648567e+000
1.000808282111289e-004	9.456093e+000
1.000814602802975e-004	9.311553e+000
1.000820923494660e-004	9.177910e+000
1.000827244186346e-004	9.055165e+000
1.000833564878031e-004	8.943317e+000
1.000839885569717e-004	8.842366e+000
1.000846206261402e-004	8.752313e+000
1.000852526953087e-004	8.673157e+000
1.000881770578204e-004	8.425911e+000
1.000892706865465e-004	8.388344e+000
1.000911400800243e-004	8.399582e+000
1.000922708393999e-004	8.452309e+000
1.000943420745297e-004	8.621880e+000
1.000973248272979e-004	8.978661e+000
1.001045480096682e-004	1.003095e+001
1.001079176387652e-004	1.050685e+001
1.001120088137097e-004	1.103318e+001
1.001168206298897e-004	1.157083e+001
1.001226860474180e-004	1.211805e+001
1.001282882036933e-004	1.254369e+001
1.001339367148480e-004	1.289043e+001
1.001393350478881e-004	1.315842e+001
1.001460737182287e-004	1.342711e+001
1.001533416023289e-004	1.365611e+001
1.001623603451030e-004	1.387509e+001
1.001724070444143e-004	1.406013e+001
1.001832345827087e-004	1.420992e+001
1.001942722091838e-004	1.432504e+001
1.002061758852220e-004	1.441950e+001
1.002187815375218e-004	1.449641e+001
1.002325724410385e-004	1.456161e+001
1.002473024049847e-004	1.461611e+001
1.002634339722378e-004	1.466335e+001
1.002809260511855e-004	1.470452e+001
1.003003214958361e-004	1.474192e+001
1.003218106835399e-004	1.477666e+001
1.003433940208800e-004	1.480611e+001
1.003662581091706e-004	1.483262e+001
1.003922581091706e-004	1.485808e+001
1.004182581091706e-004	1.487939e+001
1.004442581091706e-004	1.489710e+001
1.004702581091706e-004	1.491182e+001
1.004962581091706e-004	1.492404e+001
1.005222581091706e-004	1.493417e+001
1.005482581091706e-004	1.494260e+001
1.005742581091706e-004	1.494957e+001
1.006002581091706e-004	1.495537e+001
1.006262581091706e-004	1.496016e+001
1.006522581091706e-004	1.496415e+001
1.006782581091706e-004	1.496745e+001
1.007042581091706e-004	1.497018e+001
1.007302581091706e-004	1.497244e+001
1.007562581091706e-004	1.497433e+001
1.007822581091706e-004	1.497588e+001
1.008082581091706e-004	1.497719e+001
1.008342581091706e-004	1.497825e+001
1.008602581091706e-004	1.497914e+001
1.008862581091706e-004	1.497987e+001
1.009122581091706e-004	1.498048e+001
1.009382581091706e-004	1.498098e+001
1.009642581091706e-004	1.498141e+001
1.009902581091706e-004	1.498175e+001
1.010162581091706e-004	1.498204e+001
1.010422581091706e-004	1.498228e+001
1.010682581091706e-004	1.498248e+001
1.010942581091706e-004	1.498264e+001
1.011202581091706e-004	1.498277e+001
1.011462581091706e-004	1.498289e+001
1.011722581091706e-004	1.498298e+001
1.011982581091706e-004	1.498306e+001
1.012242581091706e-004	1.498312e+001
1.012502581091706e-004	1.498317e+001
1.012762581091706e-004	1.498322e+001
1.013022581091707e-004	1.498325e+001
1.013282581091707e-004	1.498328e+001
1.013542581091707e-004	1.498331e+001
1.013802581091707e-004	1.498332e+001
1.014062581091707e-004	1.498334e+001
1.014322581091707e-004	1.498335e+001
1.014582581091707e-004	1.498337e+001
1.014842581091707e-004	1.498338e+001
1.015102581091707e-004	1.498338e+001
1.015362581091707e-004	1.498340e+001
1.015879979157510e-004	1.498341e+001
1.016393384202271e-004	1.498341e+001
1.017156475683936e-004	1.498341e+001
1.017673390607811e-004	1.498342e+001
1.018190305531687e-004	1.498342e+001
1.018707220455562e-004	1.498343e+001
1.019224135379438e-004	1.498343e+001
1.019741050303313e-004	1.498343e+001
1.020257965227189e-004	1.498343e+001
1.020774880151064e-004	1.498343e+001
1.026754880151065e-004	1.498343e+001
1.032734880151065e-004	1.498343e+001
1.038714880151066e-004	1.498343e+001
1.044694880151067e-004	1.498343e+001
1.050674880151067e-004	1.498343e+001
1.056654880151068e-004	1.498343e+001
1.062634880151069e-004	1.498343e+001
1.100020000000000e-004	1.498343e+001
1.100040000000000e-004	1.498343e+001
1.100573657082186e-004	1.498343e+001
1.100578786718471e-004	1.493420e+001
1.100580348613163e-004	1.495463e+001
1.100580832569886e-004	1.497555e+001
1.100583666135058e-004	1.497807e+001
1.100584068435758e-004	1.497648e+001
1.100584551285226e-004	1.495878e+001
1.100585006664572e-004	1.492963e+001
1.100585515672931e-004	1.489400e+001
1.100586281570123e-004	1.484113e+001
1.100587400861516e-004	1.476015e+001
1.100589639444302e-004	1.459333e+001
1.100593196101738e-004	1.431607e+001
1.100600309416611e-004	1.374787e+001
1.100608245592999e-004	1.312675e+001
1.100619884751009e-004	1.227815e+001
1.100634337942633e-004	1.132838e+001
1.100653353699428e-004	1.021056e+001
1.100673791309982e-004	9.120888e+000
1.100693245319701e-004	8.171196e+000
1.100712310928055e-004	7.577942e+000
1.100732691203612e-004	7.637558e+000
1.100756825273741e-004	7.745094e+000
1.100784293774302e-004	7.459236e+000
1.100816962100989e-004	6.997772e+000
1.100855362045797e-004	6.293289e+000
1.100903399312828e-004	5.374397e+000
1.100939610187802e-004	4.692474e+000
1.100967801249303e-004	4.207146e+000
1.100989679328473e-004	3.859291e+000
1.101007137756362e-004	3.603989e+000
1.101021208670996e-004	3.412697e+000
1.101033980721121e-004	3.253014e+000
1.101047897572363e-004	3.103546e+000
1.101065402402340e-004	2.971832e+000
1.101081974354434e-004	2.901039e+000
1.101102382468399e-004	2.851547e+000
1.101131035093407e-004	2.815155e+000
1.101153634570758e-004	2.771072e+000
1.101159170532654e-004	2.694740e+000
1.101168672348942e-004	2.678299e+000
1.101175282042827e-004	2.595360e+000
1.101192017415105e-004	2.423004e+000
1.101203914020591e-004	2.159958e+000
1.101227707231561e-004	1.590126e+000
1.101251678485047e-004	1.073280e+000
1.101286170476663e-004	9.760971e-001
1.101310592488938e-004	1.330311e+000
1.101335858012310e-004	1.579727e+000
1.101362757990641e-004	1.765163e+000
1.101389466331056e-004	1.797720e+000
1.101417352787582e-004	1.715605e+000
1.101443266318225e-004	1.501925e+000
1.101464077885949e-004	1.342657e+000
1.101485148184921e-004	1.226035e+000
1.101508434495890e-004	1.063850e+000
1.101531380184632e-004	8.844915e-001
1.101556527711164e-004	6.921952e-001
1.101581817217823e-004	5.119261e-001
1.101609285766418e-004	3.463025e-001
1.101637609539363e-004	2.119218e-001
1.101669432646170e-004	1.017603e-001
1.101694355138401e-004	4.107751e-002
1.101709165246278e-004	1.653943e-002
1.101721376444516e-004	2.422005e-003
1.101733216598982e-004	-7.765971e-003
1.101734422429246e-004	-8.563906e-003
1.101736834089773e-004	-9.868853e-003
1.101741657410828e-004	-1.215377e-002
1.101751304052938e-004	-1.554821e-002
1.101770597337157e-004	-1.970641e-002
1.101792376967623e-004	-2.144622e-002
1.101815475533755e-004	-2.035384e-002
1.101838250573390e-004	-1.740273e-002
1.101862545449445e-004	-1.333286e-002
1.101886904942717e-004	-9.199017e-003
1.101912479833163e-004	-5.329273e-003
1.101938282596748e-004	-2.130012e-003
1.101962445119657e-004	1.699995e-004
1.101985577659091e-004	1.558255e-003
1.102005041539182e-004	2.140499e-003
1.102026259785302e-004	2.377282e-003
1.102047009862064e-004	2.313288e-003
1.102070681966709e-004	2.034016e-003
1.102094288247884e-004	1.651114e-003
1.102120443416317e-004	1.204187e-003
1.102146844030320e-004	7.981968e-004
1.102168619984454e-004	5.191932e-004
1.102187879016816e-004	3.207845e-004
1.102207459161096e-004	1.659035e-004
1.102225745468350e-004	5.953424e-005
1.102240318207813e-004	-1.344219e-006
1.102255798782091e-004	-4.621662e-005
1.102270790280683e-004	-7.343205e-005
1.102290423427373e-004	-9.108067e-005
1.102309501546620e-004	-9.419101e-005
1.102331357532887e-004	-8.635307e-005
1.102352727065328e-004	-7.212027e-005
1.102376642698695e-004	-5.303925e-005
1.102400139928199e-004	-3.449891e-005
1.102425579200795e-004	-1.679371e-005
1.102450776835814e-004	-2.865498e-006
1.102477469129227e-004	7.917828e-006
1.102492884193613e-004	1.238529e-005
1.102506138211388e-004	1.524702e-005
1.102523855447984e-004	1.791971e-005
1.102541187002950e-004	1.949125e-005
1.102562918598589e-004	2.037625e-005
1.102583340772868e-004	2.043075e-005
1.102606985168608e-004	1.989954e-005
1.102630040603944e-004	1.907281e-005
1.102656093933507e-004	1.802679e-005
1.102681980676377e-004	1.705763e-005
1.102711120235263e-004	1.616123e-005
1.102748306031971e-004	1.538108e-005
1.102786904813351e-004	1.494390e-005
1.102823697862991e-004	1.478427e-005
1.102865859528412e-004	1.477820e-005
1.102911656475788e-004	1.485638e-005
1.102964531658276e-004	1.495418e-005
1.103030596763215e-004	1.502404e-005
1.103136829317672e-004	1.504553e-005
1.103395490753516e-004	1.503054e-005
1.106357575845844e-004	1.503133e-005
1.109319660938173e-004	1.503193e-005
1.112281746030501e-004	1.503236e-005
1.115243831122830e-004	1.503261e-005
1.118205916215158e-004	1.503268e-005
1.121168001307487e-004	1.503256e-005
1.124130086399815e-004	1.503227e-005
1.138430086399817e-004	1.503232e-005
1.404670086399845e-004	1.503230e-005
1.670910086399874e-004	1.503230e-005
1.937150086399903e-004	1.503230e-005
2.000000000000000e-004	1.503229e-005
2.000020000000000e-004	1.503228e-005
2.000027892052902e-004	1.503182e-005
2.000035784105804e-004	1.503145e-005
2.000043676158706e-004	1.503118e-005
2.000051568211608e-004	1.503099e-005
2.000059460264509e-004	1.503090e-005
2.000067352317411e-004	1.503090e-005
2.000075244370313e-004	1.503099e-005
2.000128597246073e-004	1.503153e-005
2.000181950121833e-004	1.503195e-005
2.000235302997593e-004	1.503225e-005
2.000288655873353e-004	1.503242e-005
2.000342008749113e-004	1.503246e-005
2.000395361624873e-004	1.503238e-005
2.000448714500633e-004	1.503217e-005
2.000558798017182e-004	7.473735e+000
2.000558798072141e-004	1.464963e+001
2.000558798074525e-004	1.496047e+001
2.000558807840150e-004	1.493637e+001
2.000558812722963e-004	1.492472e+001
2.000558819587484e-004	1.490829e+001
2.000558831274950e-004	1.488028e+001
2.000558871463416e-004	1.478811e+001
2.000558910451156e-004	1.472001e+001
2.000558980450745e-004	1.463452e+001
2.000559076852065e-004	1.454744e+001
2.000559247205780e-004	1.442536e+001
2.000559491157912e-004	1.428228e+001
2.000559914087495e-004	1.407726e+001
2.000560522702330e-004	1.383472e+001
2.000561556068320e-004	1.349789e+001
2.000563059661187e-004	1.310109e+001
2.000565570463798e-004	1.254310e+001
2.000568893945753e-004	1.189571e+001
2.000573832011545e-004	1.109244e+001
2.000580158328487e-004	6.155548e+000
2.000581903161189e-004	-1.077377e+000
2.000581903306519e-004	-1.077586e+000
2.000581903500291e-004	-1.077655e+000
2.000581903887837e-004	-1.077795e+000
2.000581904662928e-004	-1.078073e+000
2.000581915514202e-004	-1.081974e+000
2.000582140512044e-004	-1.161547e+000
2.000582365509886e-004	-1.238600e+000
2.000582590507729e-004	-1.313133e+000
2.000582815505571e-004	-1.385146e+000
2.000583040503413e-004	-1.454639e+000
2.000583265501255e-004	-1.521612e+000
2.000583490499098e-004	-1.586066e+000
2.000585077885449e-004	-1.965912e+000
2.000588252658152e-004	-2.333154e+000
2.000593570400394e-004	-2.157281e+000
2.000599323262707e-004	-1.688244e+000
2.000606703589970e-004	-1.262917e+000
2.000614373211376e-004	-9.045939e-001
2.000626427484015e-004	-4.460776e-001
2.000642920802479e-004	1.063165e+001
2.000652921107655e-004	1.394381e+001
2.000653272670154e-004	1.323556e+001
2.000653277917230e-004	1.321644e+001
2.000653277938313e-004	1.319320e+001
2.000653277980479e-004	1.320357e+001
2.000653278064812e-004	1.320353e+001
2.000653278233478e-004	1.320342e+001
2.000653278570809e-004	1.320322e+001
2.000653279245472e-004	1.320282e+001
2.000653280594798e-004	1.320202e+001
2.000653283293449e-004	1.320043e+001
2.000653288690751e-004	1.319725e+001
2.000653321074565e-004	1.317841e+001
2.000653364252984e-004	1.315388e+001
2.000653623323497e-004	1.301985e+001
2.000653968750847e-004	1.285865e+001
2.000654455542339e-004	1.265644e+001
2.000655222702554e-004	1.239398e+001
2.000656363808841e-004	1.210647e+001
2.000658283134281e-004	1.175601e+001
2.000661134801043e-004	1.127231e+001
2.000664950348581e-004	1.065274e+001
2.000669324329302e-004	1.010069e+001
2.000674938606707e-004	9.735873e+000
2.000682051181663e-004	1.002434e+001
2.000689990664377e-004	1.094672e+001
2.000699049283098e-004	1.088157e+001
2.000706399509522e-004	1.037821e+001
2.000712898987790e-004	1.042565e+001
2.000720131633288e-004	1.046169e+001
2.000729917777461e-004	1.059039e+001
2.000739462268438e-004	1.072662e+001
2.000750524995644e-004	1.057822e+001
2.000762392790580e-004	1.017270e+001
2.000780933481734e-004	1.009991e+001
2.000782487857450e-004	1.011544e+001
2.000785596608880e-004	1.000730e+001
2.000800871623809e-004	9.648705e+000
2.000808301560001e-004	9.545204e+000
2.000816236756055e-004	9.371056e+000
2.000826941470643e-004	9.144604e+000
2.000837646185231e-004	8.947873e+000
2.000848350899820e-004	8.780863e+000
2.000859055614408e-004	8.643574e+000
2.000869760328996e-004	8.536007e+000
2.000880465043584e-004	8.458160e+000
2.000891169758172e-004	8.410034e+000
2.000907411729780e-004	8.375717e+000
2.000922379803196e-004	8.410461e+000
2.000938765239033e-004	8.510857e+000
2.000960640503403e-004	8.727509e+000
2.000995133943515e-004	9.181671e+000
2.001045344198803e-004	9.923561e+000
2.001076408602068e-004	1.036964e+001
2.001116266696451e-004	1.089702e+001
2.001162616747904e-004	1.143675e+001
2.001217818525489e-004	1.197806e+001
2.001275694831223e-004	1.244276e+001
2.001331430897078e-004	1.280467e+001
2.001386544417778e-004	1.309379e+001
2.001450195014269e-004	1.336221e+001
2.001522598409036e-004	1.360419e+001
2.001608201281613e-004	1.382574e+001
2.001707398970785e-004	1.402077e+001
2.001813882127251e-004	1.417828e+001
2.001923806748942e-004	1.430059e+001
2.002040331254020e-004	1.439906e+001
2.002164910904221e-004	1.447980e+001
2.002299692579541e-004	1.454737e+001
2.002444997238037e-004	1.460423e+001
2.002602533747867e-004	1.465290e+001
2.002774389497125e-004	1.469539e+001
2.002963235319980e-004	1.473345e+001
2.003173194672223e-004	1.476864e+001
2.003409207705669e-004	1.480192e+001
2.003641204701364e-004	1.482950e+001
2.003888277978221e-004	1.485436e+001
2.004148277978221e-004	1.487622e+001
2.004408277978221e-004	1.489450e+001
2.004668277978221e-004	1.490963e+001
2.004928277978221e-004	1.492223e+001
2.005188277978221e-004	1.493268e+001
2.005448277978221e-004	1.494135e+001
2.005708277978221e-004	1.494854e+001
2.005968277978221e-004	1.495451e+001
2.006228277978221e-004	1.495946e+001
2.006488277978221e-004	1.496356e+001
2.006748277978221e-004	1.496696e+001
2.007008277978221e-004	1.496977e+001
2.007268277978221e-004	1.497211e+001
2.007528277978221e-004	1.497405e+001
2.007788277978221e-004	1.497566e+001
2.008048277978221e-004	1.497698e+001
2.008308277978221e-004	1.497810e+001
2.008568277978221e-004	1.497900e+001
2.008828277978221e-004	1.497977e+001
2.009088277978221e-004	1.498038e+001
2.009348277978221e-004	1.498091e+001
2.009608277978221e-004	1.498135e+001
2.009868277978221e-004	1.498170e+001
2.010128277978221e-004	1.498199e+001
2.010388277978221e-004	1.498224e+001
2.010648277978221e-004	1.498244e+001
2.010908277978221e-004	1.498261e+001
2.011168277978221e-004	1.498276e+001
2.011428277978221e-004	1.498287e+001
2.011688277978222e-004	1.498296e+001
2.011948277978222e-004	1.498304e+001
2.012208277978222e-004	1.498311e+001
2.012468277978222e-004	1.498316e+001
2.012728277978222e-004	1.498321e+001
2.012988277978222e-004	1.498325e+001
2.013248277978222e-004	1.498328e+001
2.013508277978222e-004	1.498331e+001
2.013768277978222e-004	1.498332e+001
2.014028277978222e-004	1.498334e+001
2.014288277978222e-004	1.498335e+001
2.014548277978222e-004	1.498337e+001
2.014808277978222e-004	1.498338e+001
2.015068277978222e-004	1.498338e+001
2.015328277978222e-004	1.498340e+001
2.015588277978222e-004	1.498340e+001
2.016108277978222e-004	1.498341e+001
2.016628277978222e-004	1.498341e+001
2.017408277978222e-004	1.498342e+001
2.017965420835365e-004	1.498342e+001
2.018522563692508e-004	1.498343e+001
2.019079706549651e-004	1.498343e+001
2.019636849406794e-004	1.498343e+001
2.020193992263937e-004	1.498343e+001
2.020751135121080e-004	1.498343e+001
2.021308277978223e-004	1.498343e+001
2.100020000000000e-004	1.498343e+001
2.100040000000000e-004	1.498343e+001
2.100042395298127e-004	1.498343e+001
2.100042467949633e-004	1.498343e+001
2.100042481158998e-004	1.498343e+001
2.100042604446401e-004	1.498343e+001
2.100576146507763e-004	1.498343e+001
2.100581170572365e-004	1.496869e+001
2.100591170572365e-004	1.476384e+001
2.100601170572365e-004	1.417824e+001
2.100611170572365e-004	1.335009e+001
2.100627602249090e-004	1.189265e+001
2.100644496916986e-004	1.085786e+001
2.100662959562572e-004	9.817238e+000
2.100682879868268e-004	8.775223e+000
2.100702050179340e-004	7.892601e+000
2.100721349205550e-004	7.510063e+000
2.100742742096756e-004	7.753044e+000
2.100767649610163e-004	7.647408e+000
2.100796423939304e-004	7.345467e+000
2.100830384367400e-004	6.795433e+000
2.100871087425319e-004	6.036926e+000
2.100912183742688e-004	5.241867e+000
2.100946259481698e-004	4.614426e+000
2.100973230867506e-004	4.154694e+000
2.100994379357611e-004	3.823174e+000
2.101011410236945e-004	3.576469e+000
2.101025168112937e-004	3.391312e+000
2.101038008978136e-004	3.233398e+000
2.101051706834177e-004	3.091682e+000
2.101067339532225e-004	2.975334e+000
2.101084382807839e-004	2.899933e+000
2.101104332515882e-004	2.851852e+000
2.101133549025683e-004	2.814697e+000
2.101137265758971e-004	2.824161e+000
2.101140982492259e-004	2.826726e+000
2.101144699225547e-004	2.822395e+000
2.101148415958836e-004	2.811165e+000
2.101152132692124e-004	2.793038e+000
2.101155849425412e-004	2.768014e+000
2.101159566158700e-004	2.736092e+000
2.101166763254488e-004	2.716766e+000
2.101174539623063e-004	2.639214e+000
2.101198560338134e-004	2.404358e+000
2.101211666333669e-004	2.158257e+000
2.101233750232570e-004	1.562164e+000
2.101260888088812e-004	1.065216e+000
2.101290098226912e-004	1.082764e+000
2.101314055082862e-004	1.315136e+000
2.101339936404847e-004	1.571396e+000
2.101367123677844e-004	1.755810e+000
2.101393528861166e-004	1.791323e+000
2.101421400692372e-004	1.719502e+000
2.101447032914740e-004	1.508839e+000
2.101467601900943e-004	1.355804e+000
2.101488458172753e-004	1.246748e+000
2.101511752094043e-004	1.089344e+000
2.101534506803676e-004	9.125079e-001
2.101559556531561e-004	7.198886e-001
2.101584662085794e-004	5.377804e-001
2.101611930062836e-004	3.686425e-001
2.101639955721395e-004	2.245900e-001
2.101659914065902e-004	1.435301e-001
2.101673386348014e-004	1.015821e-001
2.101687322525140e-004	6.759322e-002
2.101703620376932e-004	3.614491e-002
2.101718044302402e-004	1.473080e-002
2.101731246401808e-004	4.783422e-004
2.101743910000262e-004	-8.591026e-003
2.101756974061895e-004	-1.430746e-002
2.101774886913119e-004	-1.879924e-002
2.101797149123318e-004	-2.100152e-002
2.101819049697157e-004	-2.034444e-002
2.101842487362962e-004	-1.755260e-002
2.101865960360697e-004	-1.378234e-002
2.101890844310476e-004	-9.596047e-003
2.101915768310296e-004	-5.815571e-003
2.101941883417311e-004	-2.523774e-003
2.101968226416755e-004	3.946980e-005
2.101994017295461e-004	1.581726e-003
2.102013119376452e-004	2.116474e-003
2.102034926418839e-004	2.341209e-003
2.102055098313103e-004	2.267724e-003
2.102079446475625e-004	1.978105e-003
2.102102620925665e-004	1.605972e-003
2.102129351688514e-004	1.157627e-003
2.102155417913450e-004	7.664927e-004
2.102185382502412e-004	4.100059e-004
2.102217441764351e-004	1.438511e-004
2.102231481592522e-004	6.296398e-005
2.102244048513008e-004	8.788513e-006
2.102258356062880e-004	-3.633063e-005
2.102272224120992e-004	-6.538446e-005
2.102291547782460e-004	-8.764262e-005
2.102310139803934e-004	-9.424772e-005
2.102332027973682e-004	-8.923074e-005
2.102352771711314e-004	-7.686051e-005
2.102376675182310e-004	-5.831968e-005
2.102399692462687e-004	-3.989269e-005
2.102425132995595e-004	-2.135018e-005
2.102449935249048e-004	-6.594419e-006
2.102476599551732e-004	5.227957e-006
2.102502668014995e-004	1.310327e-005
2.102517876115751e-004	1.615279e-005
2.102536190619291e-004	1.856429e-005
2.102554211434878e-004	1.987887e-005
2.102576123147844e-004	2.047989e-005
2.102596934015991e-004	2.033354e-005
2.102621003041728e-004	1.966595e-005
2.102670942567831e-004	1.771056e-005
2.102697343404975e-004	1.676085e-005
2.102727918280305e-004	1.591256e-005
2.102770853498235e-004	1.515177e-005
2.102804273278016e-004	1.487285e-005
2.102840113518935e-004	1.476756e-005
2.102887860146305e-004	1.480284e-005
2.102932580078671e-004	1.488040e-005
2.102991539260919e-004	1.498656e-005
2.103061180875949e-004	1.503135e-005
2.103200464106010e-004	1.504310e-005
2.103327197775512e-004	1.502711e-005
2.103487167732166e-004	1.503518e-005
2.104007167732166e-004	1.503481e-005
2.106347167732166e-004	1.502909e-005
2.372587167732195e-004	1.502912e-005
2.638827167732018e-004	1.502915e-005
2.905067167731769e-004	1.502919e-005
2.999980000000000e-004	1.503540e-005
3.000000000000000e-004	1.502920e-005
